000000000000000000000000000000000000000000000000000000000000000000000000000000000000
000000000000000000000000000000000000000000000000000000000000000000000000000000000000
000000000000000000000000000000000000000000000000000000000000000000000000000000000000
000000000000000000000000000000000000000000000000000000000000000000000000000000000000
000000000000000000000000000000000000000000000000000000000000000000000000000000000000
000000000000000000000000000000000000000000000000000000000000000000000000000000000000
000000000000000000000000000000000000000000000000000000000000000000000000000000000000
000000000000000000000000000000000000000000000000000000000000000000000000000000000000
000000000111111111001111111111100000000000000000000000000000000000000000000000000000
000000000100000001001000000000100000000000000000000000000000000000000000000000000000
000000000100000001001000000000100000000000000000000000000000000000000000000000000000
000000000100000001001000000000100000000000000000000000000000000000000000000000000000
000000000100000001001000000000100000000000000000000000000000000000000000000000000000
000011111100000001111000000000100000000000000000000000000000000000000000000000000000
000010000000000000000000000000100000000000000000000000000000000000000000000000000000
000010000000000000000000000011111111111111111111111111111111111111111111111111100000
000010000000000000000000000000000000000000000000000000000000000000000000000000100000
000010000000000000000000000000000000000000000000000000000000000000000000000000100000
000010000000111100000000011111111111111111111111111111111111111111111111111111100000
000010000000000000000000010000000000000000000000000000000000000000000000000000000000
000010000000000000000000010000000000000000000000000000000000000000000000000000000000
111110000000000000011110011111111111110000000000000000000000000000000000000000000000
100000000000000000000000000000000000010000000000000000000000000000000000000000000000
100000000000000000000000000000000000010000000000000000000000000000000000000000000000
111111111111111111111111111111111111110000000000000000000000000000000000000000000000